cabins <-
  list(D17 = c(17201, 17202, 17203, 17204, 17205, 17206, 17207,
               17208, 17209, 17210, 17211, 17216, 17217, 17218, 17219, 17220,
               17221, 17223, 17225, 17227, 17229, 17231, 17233, 17235, 17241,
               17243, 17249, 17251, 17253, 17254, 17255, 17256, 17257, 17258,
               17259, 17260, 17261, 17262, 17263, 17264, 17265, 17266, 17267,
               17268, 17269, 17270, 17271, 17272, 17273, 17274, 17275, 17276,
               17279, 17280, 17281, 17282, 17283, 17284, 17285, 17287, 17289,
               17291, 17293, 17224, 17228, 17232, 17236, 17239, 17240, 17244,
               17247, 17248, 17252, 17215, 17222, 17226, 17230, 17234, 17237,
               17238, 17242, 17245, 17246, 17250)
       , D16 = c(16494, 16239, 16256,
                 16260, 16202, 16204, 16208, 16211, 16214, 16215, 16217, 16221,
                 16222, 16223, 16225, 16226, 16227, 16231, 16233, 16234, 16235,
                 16237, 16241, 16243, 16245, 16248, 16250, 16251, 16252, 16254,
                 16255, 16257, 16259, 16261, 16263, 16264, 16265, 16267, 16269,
                 16273, 16275, 16276, 16277, 16278, 16281, 16283, 16285, 16292,
                 16294, 16295, 16253, 16212, 16201, 16220, 16205, 16232, 16207,
                 16209, 16244, 16247, 16282, 16286, 16290, 16287, 16291, 16206,
                 16219, 16246, 16271, 16279, 16297, 16210, 16216, 16218, 16228,
                 16230, 16236, 16240, 16242, 16249, 16280, 16284, 16288, 16289,
                 16293, 11546)
       , D15 = c(15637, 15645, 1539, 15201, 15203, 15205,
                 15206, 15207, 15208, 15218, 15284, 15209, 15210, 15212, 15215,
                 15216, 15217, 15219, 15220, 15222, 15223, 15224, 15225, 15226,
                 15227, 15229, 15242, 15243, 15245, 15247, 15250, 15252, 15254,
                 15257, 15258, 15259, 15260, 15262, 15264, 15266, 15268, 15270,
                 15272, 15273, 15274, 15276, 15278, 15279, 15280, 15281, 15283,
                 15288, 15290, 15292, 15299, 15301, 15304, 15306, 15308, 15312,
                 15314, 15315, 15316, 15317, 15318, 15320, 15322, 15323, 15324,
                 15325, 15327, 15329, 15331, 15333, 15335, 15337, 15341, 15374,
                 15375, 15376, 15378, 15382, 15392, 15393, 15394, 15399, 15400,
                 15402, 15404, 15406, 15408, 15409, 15410, 15411, 15412, 15414,
                 15415, 15416, 15417, 15419, 15420, 15421, 15422, 15423, 15424,
                 15426, 15427, 15429, 15431, 15432, 15433, 15434, 15435, 15436,
                 15437, 15438, 15439, 15440, 15441, 15442, 15443, 15445, 15446,
                 15447, 15449, 15450, 15451, 15452, 15453, 15454, 15455, 15456,
                 15457, 15458, 15460, 15461, 15462, 15463, 15464, 15465, 15466,
                 15468, 15469, 15470, 15471, 15475, 15476, 15477, 15478, 15479,
                 15480, 15481, 15482, 15483, 15484, 15485, 15486, 15487, 15488,
                 15490, 15492, 15493, 15496, 15497, 15499, 15501, 15503, 15505,
                 15507, 15509, 15467, 15296, 15298, 15230, 15232, 15234, 15236,
                 15238, 15246, 15248, 15251, 15249, 15255, 15253, 15311, 15309,
                 15321, 15319, 15326, 15328, 15330, 15332, 15334, 15336, 15338,
                 15342, 15344, 15345, 15343, 15346, 15348, 15349, 15347, 15350,
                 15352, 15353, 15351, 15354, 15356, 15357, 15355, 15361, 15359,
                 15362, 15364, 15369, 15367, 15370, 15372, 15373, 15371, 15385,
                 15383, 15396, 15398, 15472, 15474, 15491, 15489, 15241, 15211,
                 15214, 15221, 15228, 15244, 15256, 15263, 15261, 15267, 15265,
                 15271, 15269, 15277, 15285, 15286, 15287, 15289, 15291, 15293,
                 15294, 15303, 15307, 15305, 15310, 15339, 15358, 15360, 15365,
                 15363, 15366, 15368, 15380, 15386, 15384, 15388, 15390, 15425,
                 15302, 15377, 15295, 15297, 15397, 15395, 15407, 15405, 15473,
                 15401, 15403)
       , D14 = c(142, 14462, 14474, 14205, 14531, 14201,
                 14206, 14207, 14209, 14210, 14211, 14228, 14230, 14231, 14233,
                 14239, 14242, 14247, 14251, 14255, 14257, 14259, 14261, 14263,
                 14267, 14268, 14271, 14276, 14278, 14279, 14280, 14281, 14283,
                 14284, 14285, 14286, 14287, 14288, 14289, 14290, 14291, 14292,
                 14294, 14295, 14296, 14298, 14301, 14302, 14303, 14304, 14305,
                 14306, 14308, 14311, 14315, 14317, 14319, 14321, 14323, 14325,
                 14327, 14329, 14330, 14331, 14332, 14333, 14335, 14337, 14339,
                 14341, 14343, 14344, 14347, 14355, 14356, 14359, 14360, 14363,
                 14365, 14367, 14368, 14369, 14371, 14373, 14375, 14377, 14379,
                 14380, 14381, 14383, 14385, 14396, 14398, 14399, 14400, 14402,
                 14403, 14404, 14405, 14406, 14407, 14409, 14412, 14414, 14417,
                 14420, 14422, 14423, 14424, 14425, 14426, 14427, 14428, 14430,
                 14431, 14432, 14433, 14434, 14436, 14438, 14439, 14440, 14441,
                 14442, 14443, 14444, 14445, 14446, 14447, 14448, 14449, 14450,
                 14451, 14452, 14453, 14454, 14455, 14456, 14457, 14458, 14459,
                 14460, 14461, 14463, 14464, 14465, 14466, 14467, 14468, 14469,
                 14470, 14471, 14473, 14475, 14477, 14478, 14479, 14480, 14481,
                 14482, 14483, 14484, 14485, 14486, 14487, 14488, 14489, 14490,
                 14491, 14493, 14495, 14496, 14497, 14498, 14499, 14500, 14501,
                 14502, 14503, 14504, 14505, 14506, 14507, 14508, 14510, 14515,
                 14517, 14519, 14523, 14525, 14527, 14529, 14277, 14216, 14218,
                 14221, 14219, 14224, 14226, 14229, 14227, 14234, 14232, 14236,
                 14241, 14240, 14253, 14245, 14243, 14246, 14273, 14248, 14252,
                 14254, 14256, 14258, 14264, 14266, 14272, 14274, 14309, 14307,
                 14310, 14312, 14314, 14316, 14318, 14326, 14328, 14336, 14338,
                 14340, 14342, 14346, 14345, 14348, 14352, 14354, 14358, 14349,
                 14362, 14351, 14364, 14366, 14370, 14353, 14372, 14374, 14376,
                 14378, 14384, 14386, 14388, 14389, 14387, 14393, 14391, 14411,
                 14415, 14494, 14492, 14270, 14244, 14265, 14392, 14394, 14361,
                 14416, 14181, 14208, 14215, 14220, 14222, 14238, 14249, 14260,
                 14262, 14269, 14275, 14282, 14300, 14297, 14322, 14324, 14334,
                 14382, 1435, 14397, 14395, 14401, 14408, 14410, 14421, 14472,
                 14476, 14511, 14509, 14521, 14293, 14299, 14419, 14429, 14212,
                 14214, 14203, 14217)
       , D12 = c(1203, 12472, 12234, 12204, 12209,
                 12210, 12211, 12212, 12214, 12216, 12219, 12221, 12222, 12224,
                 12230, 12231, 12232, 12233, 12235, 12236, 12237, 12239, 12241,
                 12245, 12249, 12255, 12257, 12259, 12261, 12262, 12263, 12264,
                 12266, 12273, 12275, 12276, 12278, 12280, 12284, 12286, 12289,
                 12290, 12291, 12292, 12294, 12296, 12298, 12300, 12305, 12308,
                 12309, 12311, 12312, 12314, 12315, 12318, 12328, 12330, 12331,
                 12332, 12334, 12335, 12336, 12337, 12339, 12340, 12341, 12343,
                 12345, 12347, 12357, 12379, 12394, 12395, 12396, 12397, 12399,
                 12402, 12405, 12412, 12414, 12417, 12419, 12420, 12422, 12424,
                 12425, 12426, 12427, 12428, 12429, 12430, 12431, 12432, 12433,
                 12434, 12435, 12436, 12437, 12438, 12439, 12440, 12441, 12442,
                 12443, 12444, 12445, 12446, 12447, 12448, 12449, 12450, 12451,
                 12452, 12453, 12454, 12455, 12456, 12457, 12458, 12459, 12460,
                 12461, 12462, 12463, 12464, 12465, 12466, 12467, 12468, 12469,
